4
1
1.5
2
2.5
6
0 1.2 1.4 1.8 2 2.2
1.2 0 1.2 1.4 1.8 2
1.4 1.2 0 1.2 1.4 1.8
1.8 1.4 1.2 0 1.4 1.8
2 1.8 1.4 1.4 0 1.4
2.2 2 1.8 1.8 1.4 0
Vrbas
Novi Sad
Beograd-sever
Beograd-jug
Jagodina
Nis